,Date,Price,year,month
0,2010-01-02,867.0,2010,1
1,2010-02-02,967.0,2010,2
2,2010-03-02,967.0,2010,3
3,2010-04-02,967.0,2010,4
4,2010-05-02,,2010,5
5,2010-08-02,1267.0,2010,8
6,2010-09-02,1267.0,2010,9
7,2010-10-02,,2010,10
8,2010-11-02,,2010,11
9,2010-12-02,,2010,12
10,2010-02-15,,2010,2
11,2010-02-16,1233.0,2010,2
12,2010-02-17,,2010,2
13,2010-02-18,,2010,2
14,2010-02-19,,2010,2
15,2010-02-22,,2010,2
16,2010-02-23,1067.0,2010,2
17,2010-02-24,1067.0,2010,2
18,2010-02-25,1067.0,2010,2
19,2010-02-26,1067.0,2010,2
20,2010-02-03,700.0,2010,2
21,2010-03-03,700.0,2010,3
22,2010-04-03,800.0,2010,4
23,2010-05-03,,2010,5
24,2010-08-03,783.0,2010,8
25,2010-09-03,783.0,2010,9
26,2010-10-03,783.0,2010,10
27,2010-11-03,830.0,2010,11
28,2010-12-03,767.0,2010,12
29,2010-03-15,733.0,2010,3
30,2010-03-16,,2010,3
31,2010-03-17,733.0,2010,3
32,2010-03-18,730.0,2010,3
33,2010-03-19,733.0,2010,3
34,2010-03-22,733.0,2010,3
35,2010-03-23,700.0,2010,3
36,2010-03-25,733.0,2010,3
37,2010-03-26,733.0,2010,3
38,2010-03-29,767.0,2010,3
39,2010-03-30,700.0,2010,3
40,2010-03-31,700.0,2010,3
41,2010-01-04,700.0,2010,1
42,2010-05-04,,2010,5
43,2010-06-04,700.0,2010,6
44,2010-07-04,700.0,2010,7
45,2010-08-04,700.0,2010,8
46,2010-09-04,700.0,2010,9
47,2010-12-04,700.0,2010,12
48,2010-04-13,667.0,2010,4
49,2010-04-15,667.0,2010,4
50,2010-04-16,667.0,2010,4
51,2010-04-19,667.0,2010,4
52,2010-04-20,667.0,2010,4
53,2010-04-21,633.0,2010,4
54,2010-04-22,633.0,2010,4
55,2010-04-23,633.0,2010,4
56,2010-04-26,633.0,2010,4
57,2010-04-27,600.0,2010,4
58,2010-04-28,600.0,2010,4
59,2010-04-29,600.0,2010,4
60,2010-04-30,600.0,2010,4
61,2010-03-05,600.0,2010,3
62,2010-04-05,600.0,2010,4
63,2010-05-05,600.0,2010,5
64,2010-06-05,600.0,2010,6
65,2010-07-05,600.0,2010,7
66,2010-10-05,600.0,2010,10
67,2010-11-05,600.0,2010,11
68,2010-12-05,600.0,2010,12
69,2010-05-13,600.0,2010,5
70,2010-05-14,600.0,2010,5
71,2010-05-17,600.0,2010,5
72,2010-05-18,600.0,2010,5
73,2010-05-19,600.0,2010,5
74,2010-05-20,600.0,2010,5
75,2010-05-21,600.0,2010,5
76,2010-05-24,600.0,2010,5
77,2010-05-25,600.0,2010,5
78,2010-05-26,633.0,2010,5
79,2010-05-28,633.0,2010,5
80,2010-05-31,633.0,2010,5
81,2010-01-06,633.0,2010,1
82,2010-02-06,633.0,2010,2
83,2010-03-06,633.0,2010,3
84,2010-04-06,633.0,2010,4
85,2010-07-06,633.0,2010,7
86,2010-08-06,667.0,2010,8
87,2010-09-06,667.0,2010,9
88,2010-10-06,700.0,2010,10
89,2010-11-06,667.0,2010,11
90,2010-06-14,600.0,2010,6
91,2010-06-15,600.0,2010,6
92,2010-06-16,800.0,2010,6
93,2010-06-17,800.0,2010,6
94,2010-06-18,800.0,2010,6
95,2010-06-21,800.0,2010,6
96,2010-06-22,800.0,2010,6
97,2010-06-23,817.0,2010,6
98,2010-06-24,800.0,2010,6
99,2010-06-25,800.0,2010,6
100,2010-06-28,800.0,2010,6
101,2010-06-29,800.0,2010,6
102,2010-06-30,,2010,6
103,2010-01-07,967.0,2010,1
104,2010-02-07,933.0,2010,2
105,2010-05-07,933.0,2010,5
106,2010-06-07,933.0,2010,6
107,2010-07-07,933.0,2010,7
108,2010-08-07,933.0,2010,8
109,2010-09-07,933.0,2010,9
110,2010-12-07,933.0,2010,12
111,2010-07-13,550.0,2010,7
112,2010-07-14,667.0,2010,7
113,2010-07-15,817.0,2010,7
114,2010-07-16,817.0,2010,7
115,2010-07-19,900.0,2010,7
116,2010-07-20,900.0,2010,7
117,2010-07-21,967.0,2010,7
118,2010-07-22,967.0,2010,7
119,2010-07-23,933.0,2010,7
120,2010-07-26,950.0,2010,7
121,2010-07-27,883.0,2010,7
122,2010-07-28,883.0,2010,7
123,2010-07-29,883.0,2010,7
124,2010-07-30,883.0,2010,7
125,2010-02-08,850.0,2010,2
126,2010-03-08,967.0,2010,3
127,2010-04-08,983.0,2010,4
128,2010-05-08,1167.0,2010,5
129,2010-06-08,1133.0,2010,6
130,2010-09-08,1050.0,2010,9
131,2010-10-08,833.0,2010,10
132,2010-11-08,833.0,2010,11
133,2010-12-08,967.0,2010,12
134,2010-08-13,983.0,2010,8
135,2010-08-16,783.0,2010,8
136,2010-08-17,883.0,2010,8
137,2010-08-18,1083.0,2010,8
138,2010-08-19,1083.0,2010,8
139,2010-08-20,1083.0,2010,8
140,2010-08-23,1083.0,2010,8
141,2010-08-24,1017.0,2010,8
142,2010-08-25,1017.0,2010,8
143,2010-08-26,1050.0,2010,8
144,2010-08-27,1050.0,2010,8
145,2010-08-30,1050.0,2010,8
146,2010-08-31,1083.0,2010,8
147,2010-01-09,1083.0,2010,1
148,2010-03-09,1067.0,2010,3
149,2010-06-09,1050.0,2010,6
150,2010-07-09,1033.0,2010,7
151,2010-08-09,1167.0,2010,8
152,2010-09-09,1167.0,2010,9
153,2010-10-09,1150.0,2010,10
154,2010-09-13,1150.0,2010,9
155,2010-09-14,1183.0,2010,9
156,2010-09-15,1250.0,2010,9
157,2010-09-16,1250.0,2010,9
158,2010-09-17,1217.0,2010,9
159,2010-09-20,1250.0,2010,9
160,2010-09-21,1250.0,2010,9
161,2010-09-22,1383.0,2010,9
162,2010-09-23,1383.0,2010,9
163,2010-09-24,1383.0,2010,9
164,2010-09-27,1450.0,2010,9
165,2010-09-28,1550.0,2010,9
166,2010-09-29,1783.0,2010,9
167,2010-09-30,1733.0,2010,9
168,2010-01-10,1733.0,2010,1
169,2010-04-10,1800.0,2010,4
170,2010-05-10,1933.0,2010,5
171,2010-06-10,1933.0,2010,6
172,2010-07-10,1933.0,2010,7
173,2010-08-10,1933.0,2010,8
174,2010-11-10,1933.0,2010,11
175,2010-12-10,1867.0,2010,12
176,2010-10-13,2133.0,2010,10
177,2010-10-15,2133.0,2010,10
178,2010-10-18,2133.0,2010,10
179,2010-10-19,2133.0,2010,10
180,2010-10-20,2133.0,2010,10
181,2010-10-21,2133.0,2010,10
182,2010-10-22,1967.0,2010,10
183,2010-10-25,1967.0,2010,10
184,2010-10-26,1967.0,2010,10
185,2010-10-27,1967.0,2010,10
186,2010-10-28,2067.0,2010,10
187,2010-10-29,2117.0,2010,10
188,2010-01-11,2117.0,2010,1
189,2010-02-11,2183.0,2010,2
190,2010-03-11,2183.0,2010,3
191,2010-04-11,2200.0,2010,4
192,2010-08-11,2200.0,2010,8
193,2010-09-11,2200.0,2010,9
194,2010-10-11,2100.0,2010,10
195,2010-11-11,2100.0,2010,11
196,2010-12-11,2100.0,2010,12
197,2010-11-15,2133.0,2010,11
198,2010-11-16,2133.0,2010,11
199,2010-11-18,2200.0,2010,11
200,2010-11-19,2133.0,2010,11
201,2010-11-22,2233.0,2010,11
202,2010-11-23,2233.0,2010,11
203,2010-11-24,2233.0,2010,11
204,2010-11-25,2233.0,2010,11
205,2010-11-26,2100.0,2010,11
206,2010-11-29,2167.0,2010,11
207,2010-11-30,2167.0,2010,11
208,2010-01-12,2167.0,2010,1
209,2010-02-12,2300.0,2010,2
210,2010-03-12,2300.0,2010,3
211,2010-06-12,2317.0,2010,6
212,2010-07-12,2317.0,2010,7
213,2010-08-12,2317.0,2010,8
214,2010-09-12,2317.0,2010,9
215,2010-10-12,2317.0,2010,10
216,2010-12-13,2317.0,2010,12
217,2010-12-14,2317.0,2010,12
218,2010-12-15,2317.0,2010,12
219,2010-12-16,2317.0,2010,12
220,2010-12-20,2333.0,2010,12
221,2010-12-21,2967.0,2010,12
222,2010-12-22,3433.0,2010,12
223,2010-12-23,3983.0,2010,12
224,2010-12-24,3983.0,2010,12
225,2010-12-27,3500.0,2010,12
226,2010-12-28,3267.0,2010,12
227,2010-12-29,3267.0,2010,12
228,2010-12-30,3267.0,2010,12
229,2010-12-31,3333.0,2010,12
230,2011-03-01,3333.0,2011,3
231,2011-04-01,2800.0,2011,4
232,2011-05-01,2800.0,2011,5
233,2011-06-01,2600.0,2011,6
234,2011-07-01,2700.0,2011,7
235,2011-10-01,2483.0,2011,10
236,2011-11-01,2517.0,2011,11
237,2011-12-01,2583.0,2011,12
238,2011-01-13,2700.0,2011,1
239,2011-01-14,2700.0,2011,1
240,2011-01-17,2967.0,2011,1
241,2011-01-18,2967.0,2011,1
242,2011-01-19,3033.0,2011,1
243,2011-01-20,3267.0,2011,1
244,2011-01-21,3200.0,2011,1
245,2011-01-24,3000.0,2011,1
246,2011-01-25,3000.0,2011,1
247,2011-01-27,2900.0,2011,1
248,2011-01-28,2900.0,2011,1
249,2011-01-31,1900.0,2011,1
250,2011-01-02,1883.0,2011,1
251,2011-02-02,1883.0,2011,2
252,2011-03-02,1817.0,2011,3
253,2011-04-02,1767.0,2011,4
254,2011-07-02,1567.0,2011,7
255,2011-08-02,1567.0,2011,8
256,2011-09-02,1533.0,2011,9
257,2011-10-02,1400.0,2011,10
258,2011-11-02,1400.0,2011,11
259,2011-02-14,1400.0,2011,2
260,2011-02-15,1200.0,2011,2
261,2011-02-17,1100.0,2011,2
262,2011-02-18,1100.0,2011,2
263,2011-02-21,1033.0,2011,2
264,2011-02-22,1033.0,2011,2
265,2011-02-23,1033.0,2011,2
266,2011-02-24,1033.0,2011,2
267,2011-02-25,900.0,2011,2
268,2011-02-28,933.0,2011,2
269,2011-01-03,933.0,2011,1
270,2011-03-03,933.0,2011,3
271,2011-04-03,933.0,2011,4
272,2011-07-03,817.0,2011,7
273,2011-08-03,817.0,2011,8
274,2011-09-03,850.0,2011,9
275,2011-10-03,850.0,2011,10
276,2011-11-03,850.0,2011,11
277,2011-03-14,633.0,2011,3
278,2011-03-15,633.0,2011,3
279,2011-03-16,683.0,2011,3
280,2011-03-17,683.0,2011,3
281,2011-03-18,683.0,2011,3
282,2011-03-21,683.0,2011,3
283,2011-03-22,700.0,2011,3
284,2011-03-23,700.0,2011,3
285,2011-03-24,683.0,2011,3
286,2011-03-25,683.0,2011,3
287,2011-03-28,683.0,2011,3
288,2011-03-29,683.0,2011,3
289,2011-03-30,683.0,2011,3
290,2011-03-31,617.0,2011,3
291,2011-01-04,617.0,2011,1
292,2011-04-04,617.0,2011,4
293,2011-05-04,617.0,2011,5
294,2011-06-04,617.0,2011,6
295,2011-07-04,617.0,2011,7
296,2011-08-04,617.0,2011,8
297,2011-11-04,617.0,2011,11
298,2011-04-13,617.0,2011,4
299,2011-04-15,633.0,2011,4
300,2011-04-18,717.0,2011,4
301,2011-04-19,717.0,2011,4
302,2011-04-20,600.0,2011,4
303,2011-04-21,600.0,2011,4
304,2011-04-25,700.0,2011,4
305,2011-04-26,700.0,2011,4
306,2011-04-27,717.0,2011,4
307,2011-04-28,700.0,2011,4
308,2011-04-29,733.0,2011,4
309,2011-02-05,733.0,2011,2
310,2011-03-05,633.0,2011,3
311,2011-04-05,633.0,2011,4
312,2011-05-05,633.0,2011,5
313,2011-06-05,683.0,2011,6
314,2011-09-05,750.0,2011,9
315,2011-10-05,750.0,2011,10
316,2011-11-05,750.0,2011,11
317,2011-12-05,600.0,2011,12
318,2011-05-13,600.0,2011,5
319,2011-05-16,600.0,2011,5
320,2011-05-18,617.0,2011,5
321,2011-05-19,633.0,2011,5
322,2011-05-20,633.0,2011,5
323,2011-05-23,650.0,2011,5
324,2011-05-24,650.0,2011,5
325,2011-05-25,733.0,2011,5
326,2011-05-26,733.0,2011,5
327,2011-05-27,650.0,2011,5
328,2011-05-30,650.0,2011,5
329,2011-05-31,800.0,2011,5
330,2011-01-06,800.0,2011,1
331,2011-02-06,800.0,2011,2
332,2011-03-06,800.0,2011,3
333,2011-06-06,800.0,2011,6
334,2011-07-06,700.0,2011,7
335,2011-08-06,700.0,2011,8
336,2011-09-06,650.0,2011,9
337,2011-10-06,650.0,2011,10
338,2011-06-13,650.0,2011,6
339,2011-06-14,650.0,2011,6
340,2011-06-15,650.0,2011,6
341,2011-06-16,717.0,2011,6
342,2011-06-17,717.0,2011,6
343,2011-06-20,717.0,2011,6
344,2011-06-21,767.0,2011,6
345,2011-06-22,767.0,2011,6
346,2011-06-23,767.0,2011,6
347,2011-06-24,767.0,2011,6
348,2011-06-27,767.0,2011,6
349,2011-06-28,767.0,2011,6
350,2011-06-29,783.0,2011,6
351,2011-06-30,783.0,2011,6
352,2011-01-07,783.0,2011,1
353,2011-04-07,783.0,2011,4
354,2011-05-07,683.0,2011,5
355,2011-06-07,683.0,2011,6
356,2011-07-07,683.0,2011,7
357,2011-08-07,917.0,2011,8
358,2011-11-07,917.0,2011,11
359,2011-12-07,917.0,2011,12
360,2011-07-13,900.0,2011,7
361,2011-07-14,900.0,2011,7
362,2011-07-15,983.0,2011,7
363,2011-07-18,983.0,2011,7
364,2011-07-19,1033.0,2011,7
365,2011-07-20,1033.0,2011,7
366,2011-07-21,1033.0,2011,7
367,2011-07-22,1033.0,2011,7
368,2011-07-25,1033.0,2011,7
369,2011-07-26,1033.0,2011,7
370,2011-07-27,1033.0,2011,7
371,2011-07-28,1033.0,2011,7
372,2011-07-29,1050.0,2011,7
373,2011-01-08,1050.0,2011,1
374,2011-02-08,1050.0,2011,2
375,2011-03-08,1050.0,2011,3
376,2011-04-08,1050.0,2011,4
377,2011-05-08,1050.0,2011,5
378,2011-08-08,1050.0,2011,8
379,2011-09-08,1050.0,2011,9
380,2011-10-08,1050.0,2011,10
381,2011-11-08,1050.0,2011,11
382,2011-12-08,1050.0,2011,12
383,2011-08-16,1050.0,2011,8
384,2011-08-17,1050.0,2011,8
385,2011-08-18,1050.0,2011,8
386,2011-08-19,1417.0,2011,8
387,2011-08-23,1417.0,2011,8
388,2011-08-24,1417.0,2011,8
389,2011-08-25,1417.0,2011,8
390,2011-08-26,1417.0,2011,8
391,2011-08-29,1417.0,2011,8
392,2011-08-30,1417.0,2011,8
393,2011-01-09,1417.0,2011,1
394,2011-02-09,1417.0,2011,2
395,2011-05-09,1567.0,2011,5
396,2011-06-09,1567.0,2011,6
397,2011-07-09,1567.0,2011,7
398,2011-08-09,1567.0,2011,8
399,2011-09-09,1567.0,2011,9
400,2011-12-09,1567.0,2011,12
401,2011-09-13,1567.0,2011,9
402,2011-09-14,1500.0,2011,9
403,2011-09-15,1500.0,2011,9
404,2011-09-16,1500.0,2011,9
405,2011-09-19,1500.0,2011,9
406,2011-09-20,1300.0,2011,9
407,2011-09-21,1300.0,2011,9
408,2011-09-22,1200.0,2011,9
409,2011-09-23,1200.0,2011,9
410,2011-09-26,1200.0,2011,9
411,2011-09-27,1200.0,2011,9
412,2011-09-28,1500.0,2011,9
413,2011-09-29,1800.0,2011,9
414,2011-09-30,1500.0,2011,9
415,2011-03-10,1500.0,2011,3
416,2011-04-10,1500.0,2011,4
417,2011-05-10,1500.0,2011,5
418,2011-07-10,1500.0,2011,7
419,2011-10-10,1500.0,2011,10
420,2011-11-10,1600.0,2011,11
421,2011-12-10,1600.0,2011,12
422,2011-10-13,1600.0,2011,10
423,2011-10-14,1600.0,2011,10
424,2011-10-17,1600.0,2011,10
425,2011-10-18,1800.0,2011,10
426,2011-10-19,1800.0,2011,10
427,2011-10-20,1700.0,2011,10
428,2011-10-21,1700.0,2011,10
429,2011-10-24,1650.0,2011,10
430,2011-10-25,1650.0,2011,10
431,2011-10-27,1700.0,2011,10
432,2011-10-28,1650.0,2011,10
433,2011-10-31,1550.0,2011,10
434,2011-01-11,1550.0,2011,1
435,2011-02-11,1417.0,2011,2
436,2011-03-11,1417.0,2011,3
437,2011-04-11,1350.0,2011,4
438,2011-08-11,1600.0,2011,8
439,2011-09-11,1800.0,2011,9
440,2011-11-11,1800.0,2011,11
441,2011-11-14,1400.0,2011,11
442,2011-11-15,1400.0,2011,11
443,2011-11-16,1600.0,2011,11
444,2011-11-17,1600.0,2011,11
445,2011-11-18,1600.0,2011,11
446,2011-11-21,1200.0,2011,11
447,2011-11-22,1300.0,2011,11
448,2011-11-23,1300.0,2011,11
449,2011-11-24,1300.0,2011,11
450,2011-11-25,1300.0,2011,11
451,2011-11-28,1250.0,2011,11
452,2011-11-29,1300.0,2011,11
453,2011-11-30,1300.0,2011,11
454,2011-01-12,1150.0,2011,1
455,2011-02-12,1150.0,2011,2
456,2011-05-12,1150.0,2011,5
457,2011-07-12,900.0,2011,7
458,2011-08-12,900.0,2011,8
459,2011-09-12,900.0,2011,9
460,2011-12-12,900.0,2011,12
461,2011-12-13,900.0,2011,12
462,2011-12-14,900.0,2011,12
463,2011-12-15,800.0,2011,12
464,2011-12-16,800.0,2011,12
465,2011-12-19,1000.0,2011,12
466,2011-12-20,1000.0,2011,12
467,2011-12-21,1000.0,2011,12
468,2011-12-22,1000.0,2011,12
469,2011-12-23,1000.0,2011,12
470,2011-12-26,1000.0,2011,12
471,2011-12-27,1000.0,2011,12
472,2011-12-28,1000.0,2011,12
473,2011-12-29,1000.0,2011,12
474,2011-12-30,1000.0,2011,12
475,2012-02-01,900.0,2012,2
476,2012-03-01,1000.0,2012,3
477,2012-04-01,900.0,2012,4
478,2012-05-01,900.0,2012,5
479,2012-06-01,800.0,2012,6
480,2012-09-01,800.0,2012,9
481,2012-10-01,800.0,2012,10
482,2012-11-01,800.0,2012,11
483,2012-12-01,800.0,2012,12
484,2012-01-13,800.0,2012,1
485,2012-01-16,800.0,2012,1
486,2012-01-17,800.0,2012,1
487,2012-01-18,900.0,2012,1
488,2012-01-19,900.0,2012,1
489,2012-01-20,900.0,2012,1
490,2012-01-23,900.0,2012,1
491,2012-01-24,900.0,2012,1
492,2012-01-25,900.0,2012,1
493,2012-01-27,900.0,2012,1
494,2012-01-30,800.0,2012,1
495,2012-01-31,800.0,2012,1
496,2012-01-02,800.0,2012,1
497,2012-02-02,900.0,2012,2
498,2012-03-02,800.0,2012,3
499,2012-06-02,800.0,2012,6
500,2012-07-02,800.0,2012,7
501,2012-08-02,800.0,2012,8
502,2012-09-02,800.0,2012,9
503,2012-10-02,800.0,2012,10
504,2012-02-13,900.0,2012,2
505,2012-02-14,900.0,2012,2
506,2012-02-15,800.0,2012,2
507,2012-02-16,800.0,2012,2
508,2012-02-17,800.0,2012,2
509,2012-02-21,800.0,2012,2
510,2012-02-22,800.0,2012,2
511,2012-02-23,800.0,2012,2
512,2012-02-24,700.0,2012,2
513,2012-02-27,700.0,2012,2
514,2012-02-28,700.0,2012,2
515,2012-02-29,700.0,2012,2
516,2012-01-03,700.0,2012,1
517,2012-02-03,733.0,2012,2
518,2012-05-03,700.0,2012,5
519,2012-06-03,700.0,2012,6
520,2012-07-03,900.0,2012,7
521,2012-09-03,800.0,2012,9
522,2012-12-03,700.0,2012,12
523,2012-03-13,700.0,2012,3
524,2012-03-14,700.0,2012,3
525,2012-03-15,700.0,2012,3
526,2012-03-16,700.0,2012,3
527,2012-03-19,700.0,2012,3
528,2012-03-20,700.0,2012,3
529,2012-03-21,700.0,2012,3
530,2012-03-22,700.0,2012,3
531,2012-03-23,,2012,3
532,2012-03-26,800.0,2012,3
533,2012-03-27,700.0,2012,3
534,2012-03-28,700.0,2012,3
535,2012-03-29,700.0,2012,3
536,2012-03-30,700.0,2012,3
537,2012-02-04,800.0,2012,2
538,2012-03-04,800.0,2012,3
539,2012-04-04,800.0,2012,4
540,2012-09-04,800.0,2012,9
541,2012-10-04,800.0,2012,10
542,2012-11-04,700.0,2012,11
543,2012-12-04,700.0,2012,12
544,2012-04-13,700.0,2012,4
545,2012-04-16,800.0,2012,4
546,2012-04-17,800.0,2012,4
547,2012-04-18,900.0,2012,4
548,2012-04-19,1000.0,2012,4
549,2012-04-20,1000.0,2012,4
550,2012-04-23,800.0,2012,4
551,2012-04-24,800.0,2012,4
552,2012-04-25,700.0,2012,4
553,2012-04-26,700.0,2012,4
554,2012-04-27,800.0,2012,4
555,2012-04-30,800.0,2012,4
556,2012-01-05,800.0,2012,1
557,2012-02-05,800.0,2012,2
558,2012-03-05,800.0,2012,3
559,2012-04-05,800.0,2012,4
560,2012-07-05,800.0,2012,7
561,2012-08-05,800.0,2012,8
562,2012-09-05,800.0,2012,9
563,2012-10-05,800.0,2012,10
564,2012-11-05,800.0,2012,11
565,2012-05-14,800.0,2012,5
566,2012-05-15,800.0,2012,5
567,2012-05-16,800.0,2012,5
568,2012-05-17,800.0,2012,5
569,2012-05-18,800.0,2012,5
570,2012-05-21,1000.0,2012,5
571,2012-05-22,1000.0,2012,5
572,2012-05-23,1000.0,2012,5
573,2012-05-24,1000.0,2012,5
574,2012-05-25,1000.0,2012,5
575,2012-05-28,1000.0,2012,5
576,2012-05-29,800.0,2012,5
577,2012-05-30,1000.0,2012,5
578,2012-05-31,1000.0,2012,5
579,2012-01-06,800.0,2012,1
580,2012-04-06,800.0,2012,4
581,2012-05-06,800.0,2012,5
582,2012-06-06,800.0,2012,6
583,2012-07-06,800.0,2012,7
584,2012-08-06,800.0,2012,8
585,2012-11-06,800.0,2012,11
586,2012-12-06,900.0,2012,12
587,2012-06-13,900.0,2012,6
588,2012-06-14,900.0,2012,6
589,2012-06-15,900.0,2012,6
590,2012-06-18,900.0,2012,6
591,2012-06-19,900.0,2012,6
592,2012-06-20,900.0,2012,6
593,2012-06-21,900.0,2012,6
594,2012-06-22,900.0,2012,6
595,2012-06-25,800.0,2012,6
596,2012-06-26,800.0,2012,6
597,2012-06-27,800.0,2012,6
598,2012-06-28,800.0,2012,6
599,2012-06-29,800.0,2012,6
600,2012-02-07,1100.0,2012,2
601,2012-03-07,1100.0,2012,3
602,2012-04-07,1000.0,2012,4
603,2012-05-07,1000.0,2012,5
604,2012-06-07,800.0,2012,6
605,2012-09-07,800.0,2012,9
606,2012-10-07,1000.0,2012,10
607,2012-11-07,1000.0,2012,11
608,2012-12-07,800.0,2012,12
609,2012-07-13,800.0,2012,7
610,2012-07-16,900.0,2012,7
611,2012-07-17,900.0,2012,7
612,2012-07-18,900.0,2012,7
613,2012-07-19,900.0,2012,7
614,2012-07-20,1000.0,2012,7
615,2012-07-23,800.0,2012,7
616,2012-07-24,800.0,2012,7
617,2012-07-25,1000.0,2012,7
618,2012-07-26,1000.0,2012,7
619,2012-07-27,1200.0,2012,7
620,2012-07-30,1200.0,2012,7
621,2012-07-31,1200.0,2012,7
622,2012-01-08,1500.0,2012,1
623,2012-02-08,1500.0,2012,2
624,2012-03-08,1500.0,2012,3
625,2012-06-08,1300.0,2012,6
626,2012-07-08,1100.0,2012,7
627,2012-08-08,1100.0,2012,8
628,2012-09-08,1000.0,2012,9
629,2012-08-13,1000.0,2012,8
630,2012-08-14,1000.0,2012,8
631,2012-08-16,1200.0,2012,8
632,2012-08-17,1200.0,2012,8
633,2012-08-21,1200.0,2012,8
634,2012-08-22,1200.0,2012,8
635,2012-08-23,1200.0,2012,8
636,2012-08-24,1200.0,2012,8
637,2012-08-27,1200.0,2012,8
638,2012-08-28,1200.0,2012,8
639,2012-08-29,1200.0,2012,8
640,2012-08-30,1200.0,2012,8
641,2012-08-31,1200.0,2012,8
642,2012-03-09,1200.0,2012,3
643,2012-04-09,1200.0,2012,4
644,2012-05-09,1200.0,2012,5
645,2012-06-09,1200.0,2012,6
646,2012-07-09,1200.0,2012,7
647,2012-10-09,1300.0,2012,10
648,2012-11-09,1300.0,2012,11
649,2012-12-09,1300.0,2012,12
650,2012-09-13,1300.0,2012,9
651,2012-09-14,1300.0,2012,9
652,2012-09-17,1300.0,2012,9
653,2012-09-18,1300.0,2012,9
654,2012-09-19,,2012,9
655,2012-09-20,1200.0,2012,9
656,2012-09-21,1200.0,2012,9
657,2012-09-24,1200.0,2012,9
658,2012-09-25,1000.0,2012,9
659,2012-09-26,1000.0,2012,9
660,2012-09-27,1000.0,2012,9
661,2012-09-28,900.0,2012,9
662,2012-01-10,800.0,2012,1
663,2012-03-10,800.0,2012,3
664,2012-04-10,1000.0,2012,4
665,2012-05-10,900.0,2012,5
666,2012-08-10,1000.0,2012,8
667,2012-09-10,1000.0,2012,9
668,2012-10-10,1000.0,2012,10
669,2012-11-10,900.0,2012,11
670,2012-12-10,1000.0,2012,12
671,2012-10-15,1000.0,2012,10
672,2012-10-16,1000.0,2012,10
673,2012-10-17,1000.0,2012,10
674,2012-10-18,1000.0,2012,10
675,2012-10-19,1000.0,2012,10
676,2012-10-22,,2012,10
677,2012-10-23,1000.0,2012,10
678,2012-10-25,1000.0,2012,10
679,2012-10-26,1000.0,2012,10
680,2012-10-29,1200.0,2012,10
681,2012-10-30,1200.0,2012,10
682,2012-10-31,1300.0,2012,10
683,2012-01-11,1300.0,2012,1
684,2012-02-11,1600.0,2012,2
685,2012-05-11,1600.0,2012,5
686,2012-06-11,1600.0,2012,6
687,2012-07-11,1600.0,2012,7
688,2012-08-11,1700.0,2012,8
689,2012-09-11,1700.0,2012,9
690,2012-12-11,1700.0,2012,12
691,2012-11-14,1700.0,2012,11
692,2012-11-15,1600.0,2012,11
693,2012-11-16,1600.0,2012,11
694,2012-11-19,1500.0,2012,11
695,2012-11-20,1500.0,2012,11
696,2012-11-21,1600.0,2012,11
697,2012-11-22,1600.0,2012,11
698,2012-11-23,1600.0,2012,11
699,2012-11-26,1600.0,2012,11
700,2012-11-27,1600.0,2012,11
701,2012-11-29,1500.0,2012,11
702,2012-11-30,1500.0,2012,11
703,2012-03-12,1500.0,2012,3
704,2012-04-12,1500.0,2012,4
705,2012-05-12,1500.0,2012,5
706,2012-06-12,1500.0,2012,6
707,2012-07-12,1500.0,2012,7
708,2012-10-12,1600.0,2012,10
709,2012-11-12,1600.0,2012,11
710,2012-12-12,1500.0,2012,12
711,2012-12-13,1500.0,2012,12
712,2012-12-14,1400.0,2012,12
713,2012-12-17,1400.0,2012,12
714,2012-12-18,1700.0,2012,12
715,2012-12-19,1700.0,2012,12
716,2012-12-20,1700.0,2012,12
717,2012-12-21,1600.0,2012,12
718,2012-12-24,1600.0,2012,12
719,2012-12-26,1600.0,2012,12
720,2012-12-27,1600.0,2012,12
721,2012-12-28,1800.0,2012,12
722,2012-12-31,1800.0,2012,12
723,2013-01-01,1800.0,2013,1
724,2013-02-01,1800.0,2013,2
725,2013-03-01,1800.0,2013,3
726,2013-04-01,1800.0,2013,4
727,2013-07-01,1600.0,2013,7
728,2013-08-01,1600.0,2013,8
729,2013-09-01,1800.0,2013,9
730,2013-10-01,1800.0,2013,10
731,2013-11-01,1600.0,2013,11
732,2013-01-14,,2013,1
733,2013-01-15,1600.0,2013,1
734,2013-01-16,1600.0,2013,1
735,2013-01-17,1600.0,2013,1
736,2013-01-18,1600.0,2013,1
737,2013-01-21,1900.0,2013,1
738,2013-01-22,1900.0,2013,1
739,2013-01-23,2000.0,2013,1
740,2013-01-24,2000.0,2013,1
741,2013-01-28,2000.0,2013,1
742,2013-01-30,2200.0,2013,1
743,2013-01-31,2000.0,2013,1
744,2013-01-02,2000.0,2013,1
745,2013-04-02,2200.0,2013,4
746,2013-05-02,2200.0,2013,5
747,2013-06-02,2400.0,2013,6
748,2013-07-02,2400.0,2013,7
749,2013-08-02,2400.0,2013,8
750,2013-11-02,2200.0,2013,11
751,2013-12-02,2200.0,2013,12
752,2013-02-13,2200.0,2013,2
753,2013-02-14,2200.0,2013,2
754,2013-02-15,2300.0,2013,2
755,2013-02-18,2200.0,2013,2
756,2013-02-19,2200.0,2013,2
757,2013-02-20,2000.0,2013,2
758,2013-02-21,2000.0,2013,2
759,2013-02-22,1800.0,2013,2
760,2013-02-25,1600.0,2013,2
761,2013-02-26,1600.0,2013,2
762,2013-02-27,1600.0,2013,2
763,2013-02-28,1800.0,2013,2
764,2013-01-03,1800.0,2013,1
765,2013-04-03,1600.0,2013,4
766,2013-05-03,1600.0,2013,5
767,2013-06-03,1600.0,2013,6
768,2013-07-03,1600.0,2013,7
769,2013-08-03,1600.0,2013,8
770,2013-11-03,1600.0,2013,11
771,2013-12-03,1600.0,2013,12
772,2013-03-13,1800.0,2013,3
773,2013-03-14,1800.0,2013,3
774,2013-03-15,1600.0,2013,3
775,2013-03-18,1600.0,2013,3
776,2013-03-19,1600.0,2013,3
777,2013-03-20,1600.0,2013,3
778,2013-03-21,1600.0,2013,3
779,2013-03-22,1600.0,2013,3
780,2013-03-25,1600.0,2013,3
781,2013-03-26,1300.0,2013,3
782,2013-03-28,1300.0,2013,3
783,2013-01-04,1400.0,2013,1
784,2013-02-04,1400.0,2013,2
785,2013-03-04,1400.0,2013,3
786,2013-04-04,1400.0,2013,4
787,2013-05-04,,2013,5
788,2013-08-04,1400.0,2013,8
789,2013-09-04,1400.0,2013,9
790,2013-10-04,1400.0,2013,10
791,2013-11-04,,2013,11
792,2013-12-04,1400.0,2013,12
793,2013-04-15,1400.0,2013,4
794,2013-04-16,1400.0,2013,4
795,2013-04-17,1400.0,2013,4
796,2013-04-18,1400.0,2013,4
797,2013-04-22,1400.0,2013,4
798,2013-04-23,1400.0,2013,4
799,2013-04-25,1600.0,2013,4
800,2013-04-26,1600.0,2013,4
801,2013-04-29,1600.0,2013,4
802,2013-04-30,1600.0,2013,4
803,2013-01-05,1400.0,2013,1
804,2013-02-05,1400.0,2013,2
805,2013-03-05,1400.0,2013,3
806,2013-06-05,1400.0,2013,6
807,2013-07-05,1600.0,2013,7
808,2013-08-05,1600.0,2013,8
809,2013-09-05,1600.0,2013,9
810,2013-10-05,1600.0,2013,10
811,2013-05-13,1600.0,2013,5
812,2013-05-14,1600.0,2013,5
813,2013-05-15,1400.0,2013,5
814,2013-05-16,1400.0,2013,5
815,2013-05-17,1600.0,2013,5
816,2013-05-20,1600.0,2013,5
817,2013-05-21,1600.0,2013,5
818,2013-05-22,1600.0,2013,5
819,2013-05-23,1600.0,2013,5
820,2013-05-24,1600.0,2013,5
821,2013-05-27,1800.0,2013,5
822,2013-05-28,1800.0,2013,5
823,2013-05-29,1800.0,2013,5
824,2013-05-30,1800.0,2013,5
825,2013-05-31,1800.0,2013,5
826,2013-03-06,1800.0,2013,3
827,2013-04-06,1900.0,2013,4
828,2013-05-06,1900.0,2013,5
829,2013-06-06,1900.0,2013,6
830,2013-07-06,1900.0,2013,7
831,2013-10-06,1900.0,2013,10
832,2013-11-06,1900.0,2013,11
833,2013-12-06,1900.0,2013,12
834,2013-06-13,1900.0,2013,6
835,2013-06-14,1900.0,2013,6
836,2013-06-17,1900.0,2013,6
837,2013-06-18,1800.0,2013,6
838,2013-06-19,1800.0,2013,6
839,2013-06-20,1800.0,2013,6
840,2013-06-21,1800.0,2013,6
841,2013-06-24,1800.0,2013,6
842,2013-06-25,1800.0,2013,6
843,2013-06-26,1800.0,2013,6
844,2013-06-27,1800.0,2013,6
845,2013-06-28,1800.0,2013,6
846,2013-01-07,1800.0,2013,1
847,2013-02-07,1600.0,2013,2
848,2013-03-07,1600.0,2013,3
849,2013-04-07,1600.0,2013,4
850,2013-05-07,1600.0,2013,5
851,2013-08-07,1800.0,2013,8
852,2013-09-07,1800.0,2013,9
853,2013-10-07,2100.0,2013,10
854,2013-11-07,2400.0,2013,11
855,2013-12-07,2400.0,2013,12
856,2013-07-15,2400.0,2013,7
857,2013-07-16,2400.0,2013,7
858,2013-07-17,2400.0,2013,7
859,2013-07-18,2400.0,2013,7
860,2013-07-19,2400.0,2013,7
861,2013-07-22,2800.0,2013,7
862,2013-07-23,2800.0,2013,7
863,2013-07-24,2900.0,2013,7
864,2013-07-25,2900.0,2013,7
865,2013-07-26,2900.0,2013,7
866,2013-07-29,2900.0,2013,7
867,2013-07-30,2900.0,2013,7
868,2013-07-31,2900.0,2013,7
869,2013-01-08,2900.0,2013,1
870,2013-02-08,2900.0,2013,2
871,2013-05-08,2900.0,2013,5
872,2013-06-08,3200.0,2013,6
873,2013-07-08,3200.0,2013,7
874,2013-08-08,3200.0,2013,8
875,2013-12-08,4000.0,2013,12
876,2013-08-13,4300.0,2013,8
877,2013-08-14,4300.0,2013,8
878,2013-08-16,4700.0,2013,8
879,2013-08-19,5500.0,2013,8
880,2013-08-20,5900.0,2013,8
881,2013-08-21,6200.0,2013,8
882,2013-08-22,6600.0,2013,8
883,2013-08-23,6600.0,2013,8
884,2013-08-26,6600.0,2013,8
885,2013-08-27,6600.0,2013,8
886,2013-08-29,,2013,8
887,2013-08-30,6700.0,2013,8
888,2013-02-09,6700.0,2013,2
889,2013-03-09,6700.0,2013,3
890,2013-04-09,5000.0,2013,4
891,2013-05-09,5000.0,2013,5
892,2013-06-09,5000.0,2013,6
893,2013-09-09,,2013,9
894,2013-10-09,5000.0,2013,10
895,2013-11-09,5000.0,2013,11
896,2013-12-09,5000.0,2013,12
897,2013-09-13,5000.0,2013,9
898,2013-09-16,5000.0,2013,9
899,2013-09-17,4800.0,2013,9
900,2013-09-18,,2013,9
901,2013-09-19,4800.0,2013,9
902,2013-09-20,4800.0,2013,9
903,2013-09-23,5200.0,2013,9
904,2013-09-24,5200.0,2013,9
905,2013-09-25,5200.0,2013,9
906,2013-09-26,5200.0,2013,9
907,2013-09-27,5200.0,2013,9
908,2013-09-30,5200.0,2013,9
909,2013-01-10,5200.0,2013,1
910,2013-03-10,4900.0,2013,3
911,2013-04-10,4900.0,2013,4
912,2013-07-10,4900.0,2013,7
913,2013-08-10,4400.0,2013,8
914,2013-09-10,4300.0,2013,9
915,2013-10-10,4300.0,2013,10
916,2013-11-10,3900.0,2013,11
917,2013-10-14,,2013,10
918,2013-10-15,3900.0,2013,10
919,2013-10-17,3900.0,2013,10
920,2013-10-18,3900.0,2013,10
921,2013-10-21,3900.0,2013,10
922,2013-10-22,3900.0,2013,10
923,2013-10-23,3900.0,2013,10
924,2013-10-24,3900.0,2013,10
925,2013-10-25,4200.0,2013,10
926,2013-10-28,4200.0,2013,10
927,2013-10-29,4800.0,2013,10
928,2013-10-30,5200.0,2013,10
929,2013-10-31,5600.0,2013,10
930,2013-01-11,5600.0,2013,1
931,2013-04-11,3800.0,2013,4
932,2013-05-11,3800.0,2013,5
933,2013-06-11,3300.0,2013,6
934,2013-07-11,2900.0,2013,7
935,2013-08-11,2900.0,2013,8
936,2013-11-11,2900.0,2013,11
937,2013-12-11,3400.0,2013,12
938,2013-11-13,3400.0,2013,11
939,2013-11-14,3400.0,2013,11
940,2013-11-18,3400.0,2013,11
941,2013-11-19,3500.0,2013,11
942,2013-11-20,3500.0,2013,11
943,2013-11-21,3500.0,2013,11
944,2013-11-22,3500.0,2013,11
945,2013-11-25,3500.0,2013,11
946,2013-11-26,3500.0,2013,11
947,2013-11-27,3500.0,2013,11
948,2013-11-28,3500.0,2013,11
949,2013-11-29,3500.0,2013,11
950,2013-02-12,3500.0,2013,2
951,2013-03-12,3500.0,2013,3
952,2013-05-12,3500.0,2013,5
953,2013-06-12,3500.0,2013,6
954,2013-09-12,3200.0,2013,9
955,2013-10-12,3200.0,2013,10
956,2013-11-12,3200.0,2013,11
957,2013-12-12,3200.0,2013,12
958,2013-12-13,3200.0,2013,12
959,2013-12-16,2800.0,2013,12
960,2013-12-17,2800.0,2013,12
961,2013-12-18,2800.0,2013,12
962,2013-12-19,2800.0,2013,12
963,2013-12-20,2800.0,2013,12
964,2013-12-23,2800.0,2013,12
965,2013-12-24,2300.0,2013,12
966,2013-12-26,1200.0,2013,12
967,2013-12-27,1200.0,2013,12
968,2013-12-30,1200.0,2013,12
969,2013-12-31,1200.0,2013,12
970,2014-01-01,1200.0,2014,1
971,2014-02-01,1200.0,2014,2
972,2014-03-01,1200.0,2014,3
973,2014-06-01,1200.0,2014,6
974,2014-07-01,1200.0,2014,7
975,2014-08-01,1200.0,2014,8
976,2014-09-01,1200.0,2014,9
977,2014-10-01,1200.0,2014,10
978,2014-01-13,,2014,1
979,2014-01-15,1200.0,2014,1
980,2014-01-16,1200.0,2014,1
981,2014-01-17,1200.0,2014,1
982,2014-01-20,1200.0,2014,1
983,2014-01-21,1200.0,2014,1
984,2014-01-22,1200.0,2014,1
985,2014-01-23,1200.0,2014,1
986,2014-01-24,1200.0,2014,1
987,2014-01-27,1200.0,2014,1
988,2014-01-28,1200.0,2014,1
989,2014-01-30,1200.0,2014,1
990,2014-01-31,1200.0,2014,1
991,2014-03-02,1200.0,2014,3
992,2014-04-02,1200.0,2014,4
993,2014-05-02,1200.0,2014,5
994,2014-06-02,1200.0,2014,6
995,2014-07-02,1200.0,2014,7
996,2014-10-02,1200.0,2014,10
997,2014-11-02,1200.0,2014,11
998,2014-12-02,1200.0,2014,12
999,2014-02-13,1200.0,2014,2
1000,2014-02-14,1200.0,2014,2
1001,2014-02-17,1200.0,2014,2
1002,2014-02-18,1200.0,2014,2
1003,2014-02-19,1000.0,2014,2
1004,2014-02-20,1200.0,2014,2
1005,2014-02-21,1200.0,2014,2
1006,2014-02-24,1200.0,2014,2
1007,2014-02-25,1200.0,2014,2
1008,2014-02-26,1200.0,2014,2
1009,2014-02-27,,2014,2
1010,2014-02-28,1200.0,2014,2
1011,2014-03-03,1200.0,2014,3
1012,2014-04-03,1200.0,2014,4
1013,2014-05-03,1200.0,2014,5
1014,2014-06-03,1200.0,2014,6
1015,2014-07-03,1200.0,2014,7
1016,2014-10-03,1200.0,2014,10
1017,2014-11-03,1200.0,2014,11
1018,2014-12-03,1200.0,2014,12
1019,2014-03-13,1200.0,2014,3
1020,2014-03-14,1200.0,2014,3
1021,2014-03-18,1200.0,2014,3
1022,2014-03-19,1200.0,2014,3
1023,2014-03-20,1200.0,2014,3
1024,2014-03-21,1200.0,2014,3
1025,2014-03-24,1200.0,2014,3
1026,2014-03-25,1200.0,2014,3
1027,2014-03-26,1200.0,2014,3
1028,2014-03-27,1200.0,2014,3
1029,2014-03-28,1200.0,2014,3
1030,2014-03-31,,2014,3
1031,2014-01-04,1200.0,2014,1
1032,2014-02-04,1200.0,2014,2
1033,2014-03-04,1200.0,2014,3
1034,2014-04-04,1200.0,2014,4
1035,2014-07-04,1200.0,2014,7
1036,2014-09-04,1200.0,2014,9
1037,2014-11-04,1200.0,2014,11
1038,2014-04-15,1200.0,2014,4
1039,2014-04-16,1200.0,2014,4
1040,2014-04-17,1200.0,2014,4
1041,2014-04-21,1200.0,2014,4
1042,2014-04-22,1200.0,2014,4
1043,2014-04-23,1200.0,2014,4
1044,2014-04-24,1200.0,2014,4
1045,2014-04-25,1400.0,2014,4
1046,2014-04-28,1400.0,2014,4
1047,2014-04-29,1400.0,2014,4
1048,2014-04-30,,2014,4
1049,2014-01-05,1400.0,2014,1
1050,2014-02-05,1400.0,2014,2
1051,2014-05-05,1400.0,2014,5
1052,2014-06-05,1400.0,2014,6
1053,2014-07-05,1400.0,2014,7
1054,2014-08-05,1400.0,2014,8
1055,2014-09-05,1400.0,2014,9
1056,2014-12-05,1600.0,2014,12
1057,2014-05-13,1600.0,2014,5
1058,2014-05-15,1600.0,2014,5
1059,2014-05-16,1600.0,2014,5
1060,2014-05-19,1600.0,2014,5
1061,2014-05-20,1600.0,2014,5
1062,2014-05-21,1600.0,2014,5
1063,2014-05-22,1600.0,2014,5
1064,2014-05-23,1600.0,2014,5
1065,2014-05-26,1600.0,2014,5
1066,2014-05-27,1600.0,2014,5
1067,2014-05-28,1600.0,2014,5
1068,2014-05-29,1600.0,2014,5
1069,2014-05-30,1600.0,2014,5
1070,2014-02-06,1600.0,2014,2
1071,2014-03-06,1600.0,2014,3
1072,2014-04-06,1600.0,2014,4
1073,2014-05-06,1600.0,2014,5
1074,2014-06-06,1600.0,2014,6
1075,2014-09-06,1800.0,2014,9
1076,2014-10-06,1800.0,2014,10
1077,2014-11-06,1800.0,2014,11
1078,2014-12-06,1800.0,2014,12
1079,2014-06-13,1800.0,2014,6
1080,2014-06-16,1800.0,2014,6
1081,2014-06-17,2000.0,2014,6
1082,2014-06-18,2000.0,2014,6
1083,2014-06-19,2000.0,2014,6
1084,2014-06-20,2000.0,2014,6
1085,2014-06-23,2200.0,2014,6
1086,2014-06-24,2200.0,2014,6
1087,2014-06-25,2200.0,2014,6
1088,2014-06-26,2200.0,2014,6
1089,2014-06-27,2200.0,2014,6
1090,2014-06-30,2200.0,2014,6
1091,2014-01-07,2200.0,2014,1
1092,2014-02-07,2200.0,2014,2
1093,2014-03-07,2400.0,2014,3
1094,2014-04-07,2400.0,2014,4
1095,2014-07-07,2400.0,2014,7
1096,2014-08-07,2400.0,2014,8
1097,2014-09-07,2400.0,2014,9
1098,2014-10-07,2400.0,2014,10
1099,2014-11-07,2400.0,2014,11
1100,2014-07-14,2400.0,2014,7
1101,2014-07-15,2400.0,2014,7
1102,2014-07-16,2400.0,2014,7
1103,2014-07-17,2600.0,2014,7
1104,2014-07-18,2600.0,2014,7
1105,2014-07-21,,2014,7
1106,2014-07-22,2600.0,2014,7
1107,2014-07-23,2600.0,2014,7
1108,2014-07-24,2600.0,2014,7
1109,2014-07-25,2600.0,2014,7
1110,2014-07-28,2600.0,2014,7
1111,2014-07-30,2600.0,2014,7
1112,2014-07-31,2600.0,2014,7
1113,2014-01-08,2600.0,2014,1
1114,2014-04-08,2800.0,2014,4
1115,2014-05-08,2800.0,2014,5
1116,2014-06-08,2800.0,2014,6
1117,2014-07-08,2800.0,2014,7
1118,2014-08-08,2800.0,2014,8
1119,2014-11-08,2600.0,2014,11
1120,2014-12-08,,2014,12
1121,2014-08-13,2600.0,2014,8
1122,2014-08-14,2600.0,2014,8
1123,2014-08-19,,2014,8
1124,2014-08-20,,2014,8
1125,2014-08-21,2600.0,2014,8
1126,2014-08-22,2600.0,2014,8
1127,2014-08-25,2600.0,2014,8
1128,2014-08-26,2600.0,2014,8
1129,2014-08-27,2600.0,2014,8
1130,2014-08-28,2600.0,2014,8
1131,2014-08-29,,2014,8
1132,2014-01-09,2600.0,2014,1
1133,2014-02-09,2600.0,2014,2
1134,2014-03-09,2600.0,2014,3
1135,2014-04-09,2600.0,2014,4
1136,2014-05-09,2600.0,2014,5
1137,2014-08-09,,2014,8
1138,2014-09-09,2600.0,2014,9
1139,2014-10-09,2600.0,2014,10
1140,2014-11-09,2600.0,2014,11
1141,2014-12-09,2400.0,2014,12
1142,2014-09-15,2400.0,2014,9
1143,2014-09-16,2400.0,2014,9
1144,2014-09-17,2400.0,2014,9
1145,2014-09-18,2400.0,2014,9
1146,2014-09-19,2400.0,2014,9
1147,2014-09-22,2400.0,2014,9
1148,2014-09-23,2400.0,2014,9
1149,2014-09-24,2400.0,2014,9
1150,2014-09-25,2400.0,2014,9
1151,2014-09-26,2400.0,2014,9
1152,2014-09-29,2400.0,2014,9
1153,2014-09-30,2400.0,2014,9
1154,2014-07-10,2400.0,2014,7
1155,2014-08-10,2200.0,2014,8
1156,2014-09-10,2200.0,2014,9
1157,2014-10-10,2200.0,2014,10
1158,2014-10-13,2300.0,2014,10
1159,2014-10-14,2300.0,2014,10
1160,2014-10-15,2300.0,2014,10
1161,2014-10-16,2300.0,2014,10
1162,2014-10-17,2300.0,2014,10
1163,2014-10-20,2300.0,2014,10
1164,2014-10-21,2300.0,2014,10
1165,2014-10-22,2300.0,2014,10
1166,2014-10-24,2300.0,2014,10
1167,2014-10-27,2300.0,2014,10
1168,2014-10-28,2300.0,2014,10
1169,2014-10-29,2300.0,2014,10
1170,2014-10-31,2300.0,2014,10
1171,2014-03-11,2400.0,2014,3
1172,2014-05-11,2400.0,2014,5
1173,2014-07-11,2400.0,2014,7
1174,2014-10-11,2400.0,2014,10
1175,2014-11-11,2400.0,2014,11
1176,2014-12-11,2400.0,2014,12
1177,2014-11-13,2400.0,2014,11
1178,2014-11-14,2400.0,2014,11
1179,2014-11-17,2400.0,2014,11
1180,2014-11-18,2400.0,2014,11
1181,2014-11-19,2400.0,2014,11
1182,2014-11-20,2400.0,2014,11
1183,2014-11-21,2400.0,2014,11
1184,2014-11-24,2400.0,2014,11
1185,2014-11-25,2400.0,2014,11
1186,2014-11-26,2400.0,2014,11
1187,2014-11-27,2400.0,2014,11
1188,2014-11-28,2400.0,2014,11
1189,2014-01-12,2400.0,2014,1
1190,2014-02-12,2400.0,2014,2
1191,2014-03-12,2400.0,2014,3
1192,2014-04-12,2400.0,2014,4
1193,2014-05-12,2400.0,2014,5
1194,2014-08-12,2400.0,2014,8
1195,2014-09-12,2400.0,2014,9
1196,2014-10-12,2400.0,2014,10
1197,2014-11-12,2400.0,2014,11
1198,2014-12-12,2400.0,2014,12
1199,2014-12-15,2400.0,2014,12
1200,2014-12-16,2400.0,2014,12
1201,2014-12-17,2400.0,2014,12
1202,2014-12-18,2400.0,2014,12
1203,2014-12-19,2400.0,2014,12
1204,2014-12-22,2400.0,2014,12
1205,2014-12-23,2400.0,2014,12
1206,2014-12-24,2400.0,2014,12
1207,2014-12-26,,2014,12
1208,2014-12-29,2400.0,2014,12
1209,2014-12-30,2400.0,2014,12
1210,2014-12-31,2400.0,2014,12
1211,2015-01-01,,2015,1
1212,2015-02-01,2400.0,2015,2
1213,2015-05-01,2400.0,2015,5
1214,2015-06-01,2400.0,2015,6
1215,2015-07-01,2400.0,2015,7
1216,2015-08-01,2400.0,2015,8
1217,2015-09-01,2400.0,2015,9
1218,2015-12-01,2400.0,2015,12
1219,2015-01-13,2400.0,2015,1
1220,2015-01-14,,2015,1
1221,2015-01-15,,2015,1
1222,2015-01-16,,2015,1
1223,2015-01-19,2400.0,2015,1
1224,2015-01-20,2400.0,2015,1
1225,2015-01-21,2400.0,2015,1
1226,2015-01-22,2400.0,2015,1
1227,2015-01-23,2400.0,2015,1
1228,2015-01-27,2400.0,2015,1
1229,2015-01-28,2400.0,2015,1
1230,2015-01-30,2400.0,2015,1
1231,2015-02-02,2400.0,2015,2
1232,2015-03-02,2400.0,2015,3
1233,2015-04-02,2400.0,2015,4
1234,2015-05-02,2400.0,2015,5
1235,2015-06-02,2200.0,2015,6
1236,2015-09-02,2200.0,2015,9
1237,2015-10-02,2200.0,2015,10
1238,2015-11-02,2200.0,2015,11
1239,2015-12-02,2200.0,2015,12
1240,2015-02-13,2200.0,2015,2
1241,2015-02-16,2200.0,2015,2
1242,2015-02-17,,2015,2
1243,2015-02-18,2200.0,2015,2
1244,2015-02-19,2200.0,2015,2
1245,2015-02-20,2400.0,2015,2
1246,2015-02-23,2400.0,2015,2
1247,2015-02-24,2400.0,2015,2
1248,2015-02-25,2400.0,2015,2
1249,2015-02-26,2400.0,2015,2
1250,2015-02-27,2400.0,2015,2
1251,2015-02-03,2400.0,2015,2
1252,2015-03-03,2400.0,2015,3
1253,2015-04-03,2400.0,2015,4
1254,2015-05-03,2400.0,2015,5
1255,2015-09-03,2400.0,2015,9
1256,2015-10-03,2400.0,2015,10
1257,2015-11-03,2400.0,2015,11
1258,2015-12-03,2400.0,2015,12
1259,2015-03-13,2400.0,2015,3
1260,2015-03-16,2400.0,2015,3
1261,2015-03-17,2400.0,2015,3
1262,2015-03-18,2400.0,2015,3
1263,2015-03-19,2400.0,2015,3
1264,2015-03-20,2400.0,2015,3
1265,2015-03-23,2400.0,2015,3
1266,2015-03-24,2400.0,2015,3
1267,2015-03-25,2400.0,2015,3
1268,2015-03-26,2400.0,2015,3
1269,2015-03-27,2400.0,2015,3
1270,2015-03-30,2400.0,2015,3
1271,2015-03-31,2400.0,2015,3
1272,2015-01-04,2200.0,2015,1
1273,2015-06-04,2200.0,2015,6
1274,2015-07-04,2200.0,2015,7
1275,2015-08-04,2200.0,2015,8
1276,2015-09-04,2200.0,2015,9
1277,2015-10-04,2200.0,2015,10
1278,2015-04-13,2200.0,2015,4
1279,2015-04-15,2200.0,2015,4
1280,2015-04-16,2200.0,2015,4
1281,2015-04-17,2200.0,2015,4
1282,2015-04-20,2200.0,2015,4
1283,2015-04-21,2200.0,2015,4
1284,2015-04-22,2000.0,2015,4
1285,2015-04-23,2000.0,2015,4
1286,2015-04-24,2000.0,2015,4
1287,2015-04-27,2000.0,2015,4
1288,2015-04-28,2000.0,2015,4
